Iter,Train,Val_G,Val_L,Loss_Class,Loss_Box_Reg,Loss_Objectness,Loss_RPN_Box_Reg,AP50:95,AP50,AP75
1,2.804230213165283,2.4604583399636404,2.460458278656006,0.7065865993499756,8.741816418478265e-05,0.7106136679649353,1.04317045211792,0.0,0.0,0.0
127,0.5473191142082214,1.5585811097707067,0.656703770160675,0.30018141865730286,0.10810103267431259,0.150498628616333,0.09792281687259674,0.014809354528819058,0.04997061659866666,0.004386164263313353
254,0.6392062902450562,1.2562875952039445,0.6517006158828735,0.3020937740802765,0.20229782164096832,0.0755079835653305,0.07180096954107285,0.07487824988525564,0.22297691804764896,0.03040354967015982
381,0.6578522324562073,1.102010642843587,0.6391797065734863,0.3147270381450653,0.21346817910671234,0.05097474530339241,0.060009825974702835,0.1334195828991852,0.37777629814208324,0.05137459135174435
508,0.6539473533630371,1.0017656893389566,0.6007859110832214,0.3053656816482544,0.18763470649719238,0.039903610944747925,0.06788188964128494,0.16973453072691114,0.4606004843545961,0.0885098035745148
635,0.6674625873565674,0.9289083543277922,0.5646217465400696,0.26044172048568726,0.2062148153781891,0.03812859207391739,0.05983654409646988,0.2060719580343047,0.5466731109813388,0.1096575844265463
762,0.6058907508850098,0.8737506918152984,0.5428047180175781,0.2399718165397644,0.21211029589176178,0.034995291382074356,0.05572730302810669,0.16338299448585003,0.48372958520233156,0.07489054126219068
889,0.608596682548523,0.8276333730135645,0.5048120617866516,0.23141242563724518,0.18695545196533203,0.03217335790395737,0.054270923137664795,0.20406807531435855,0.5511289678346507,0.09893502335297383
1016,0.5774579644203186,0.7916295209101268,0.503598690032959,0.23072196543216705,0.19425781071186066,0.028966570273041725,0.049652356654405594,0.23799067321782255,0.6163670814645352,0.1377686763820907
1143,0.5406327247619629,0.7639577435595649,0.5149117708206177,0.2281801551580429,0.20665428042411804,0.030480574816465378,0.049596723169088364,0.2566482256064808,0.6428649090314599,0.1405303699760421
1270,0.5388129949569702,0.7403540178552851,0.5043166875839233,0.24063511192798615,0.19724583625793457,0.029758622869849205,0.03667721897363663,0.2695963542720947,0.6536932020142167,0.1581282679443241
1397,0.5053061246871948,0.718878440878221,0.4826470911502838,0.21466127038002014,0.19409020245075226,0.024361802265048027,0.04953378811478615,0.24086051977384565,0.6217269408386398,0.14091678656232173
1524,0.49131885170936584,0.6985387658024882,0.4544626772403717,0.20240171253681183,0.19499146938323975,0.023225385695695877,0.033844102174043655,0.2985474267508204,0.7122721225317755,0.17795440171375412
1651,0.4659486413002014,0.6832847551119571,0.4849826395511627,0.22398744523525238,0.19885660707950592,0.029887598007917404,0.03225097432732582,0.2995929167421108,0.7098604918484808,0.19315018178942653
1778,0.46069779992103577,0.6699880310751143,0.4838339686393738,0.21849770843982697,0.2003839910030365,0.0291502233594656,0.035801950842142105,0.3039252802211796,0.7031156103909081,0.2003158687589927
1905,0.43966975808143616,0.6583935940372092,0.4844770133495331,0.22126130759716034,0.20262859761714935,0.02803935669362545,0.032547786831855774,0.29616135939744054,0.7089333828536784,0.18454302511491194
2032,0.44712862372398376,0.6478156565367674,0.4785686433315277,0.21651549637317657,0.1954508125782013,0.02588709443807602,0.040715236216783524,0.2821384120756821,0.6772005604697446,0.18542714742434918
2159,0.4307175278663635,0.6382843985562286,0.47625303268432617,0.212768092751503,0.20877811312675476,0.021051358431577682,0.03365548327565193,0.27126996896017724,0.6838733209116327,0.17044256874740238
2286,0.39771926403045654,0.6296485437150289,0.47420310974121094,0.2193327248096466,0.1938626766204834,0.02497277408838272,0.03603500500321388,0.29815640068886823,0.713737232454783,0.18368571201314407
2413,0.35666459798812866,0.6212342217245272,0.4613621234893799,0.20314660668373108,0.20731395483016968,0.02236081287264824,0.028540756553411484,0.3110288339578789,0.724176126984168,0.2110066290347043
2540,0.3699871301651001,0.6143603862852466,0.4768837094306946,0.21680738031864166,0.20593516528606415,0.02622353285551071,0.027917619794607162,0.3126748928121805,0.7360001868940648,0.20117800816301445
2667,0.30999070405960083,0.6078444440062944,0.47100967168807983,0.21674518287181854,0.20047080516815186,0.025441279634833336,0.028352370485663414,0.31755733005635517,0.748986145777875,0.21289769652929644
2794,0.3632209300994873,0.6013457760677574,0.45837512612342834,0.20746764540672302,0.19100543856620789,0.021058665588498116,0.038843318819999695,0.2721206272197216,0.6954559111946462,0.15161944648527956
2921,0.30421024560928345,0.5950636002190766,0.45057356357574463,0.2035357803106308,0.19779372215270996,0.018373481929302216,0.030870581045746803,0.31508413825237613,0.7248348195850252,0.22626713650367714
3048,0.32293713092803955,0.5900792293804032,0.4704543650150299,0.2131516933441162,0.2062358409166336,0.022287631407380104,0.028779199346899986,0.3047027243918481,0.7422192900018949,0.18879100535747625
3175,0.2739477753639221,0.5866712828832014,0.5014726519584656,0.2251766175031662,0.21989226341247559,0.02569303847849369,0.030710669234395027,0.2843402963557009,0.6947636705862411,0.17022432145414354
3302,0.3394530713558197,0.5816336127500685,0.45065420866012573,0.19984100759029388,0.2061530351638794,0.020313754677772522,0.024346347898244858,0.32216081397880103,0.742830621413921,0.23331404934537886
3429,0.31389597058296204,0.5800470631949756,0.5372101664543152,0.2587744891643524,0.21596793830394745,0.025524131953716278,0.03694365546107292,0.2858477147269868,0.7001861615330357,0.1710544577206717
3556,0.2645030617713928,0.5774800388977446,0.5056034326553345,0.24161401391029358,0.21707384288311005,0.02259897254407406,0.024316539987921715,0.32350364504036855,0.7421201639517198,0.223425496006082
3683,0.23943252861499786,0.5739606244649206,0.47189760208129883,0.22071273624897003,0.20203392207622528,0.018955515697598457,0.030195461586117744,0.3220228407259944,0.7528268014283876,0.20687434867856877
3810,0.24946124851703644,0.5715056329416239,0.4978558123111725,0.23114608228206635,0.21276578307151794,0.029582172632217407,0.02436187118291855,0.3277138359317014,0.7462926424976896,0.2356302928089845
3937,0.2444572150707245,0.56842542190903,0.4729388654232025,0.21381737291812897,0.21380026638507843,0.021328415721654892,0.023992832750082016,0.3276021589849876,0.7433991773115074,0.22671998003163898
4064,0.2806738018989563,0.5661056831737101,0.491874098777771,0.22500193119049072,0.2074553370475769,0.028596309944987297,0.03082047961652279,0.31151136427769505,0.7444637636629361,0.1981227365627205
4191,0.20741689205169678,0.5638291618653706,0.4887039065361023,0.22460530698299408,0.21349981427192688,0.02839488536119461,0.022203970700502396,0.3253074628961585,0.7563282066336885,0.20968745438776157
4318,0.2557544708251953,0.5619361609220505,0.497574120759964,0.21585164964199066,0.2221081554889679,0.03000488318502903,0.02960943430662155,0.2887544670421921,0.73514076984445,0.16378679582873
4445,0.21150164306163788,0.5601273663874183,0.4968196451663971,0.22877636551856995,0.2268492877483368,0.019556215032935143,0.021637724712491035,0.3201191089085043,0.7545051269614507,0.21107151138740973
4572,0.21285764873027802,0.5587018856958533,0.5073845982551575,0.23497521877288818,0.22329331934452057,0.0266139917075634,0.02250206097960472,0.3128478220337364,0.7476274649569767,0.20364013121417412
4699,0.21326729655265808,0.5566241331958681,0.47974732518196106,0.21638023853302002,0.20531336963176727,0.028060315176844597,0.029993373900651932,0.31793348741160044,0.7461715723380502,0.21964799223723078
4826,0.20024386048316956,0.5549661970127633,0.4919646084308624,0.23363715410232544,0.21400310099124908,0.01964542642235756,0.024678941816091537,0.32684921319938565,0.7541998611877492,0.22842992441853482
4953,0.1752033829689026,0.5535805748562728,0.4995412528514862,0.24245794117450714,0.2117956429719925,0.025104422122240067,0.020183326676487923,0.34277095492720194,0.773305580546161,0.25271324379575627
5080,0.18047116696834564,0.5524974956485452,0.5091743469238281,0.23896542191505432,0.20925746858119965,0.029947491362690926,0.03100394457578659,0.30875901768655406,0.7227055475795162,0.2100905990694768
5207,0.1672086864709854,0.5512787415614339,0.5013098120689392,0.24008263647556305,0.21612821519374847,0.022876296192407608,0.02222268469631672,0.3359632762413533,0.7693782679074964,0.22998560181771596
5334,0.19921281933784485,0.5501102416073761,0.5010333061218262,0.23726651072502136,0.2160264104604721,0.025869643315672874,0.02187066525220871,0.3366776840084902,0.7695530083120771,0.23647847183696888
5461,0.17360375821590424,0.5487249929457902,0.48915934562683105,0.23496347665786743,0.20130418241024017,0.02556796744465828,0.02732369862496853,0.3240701477779558,0.7539309795319518,0.22009819944969802
5588,0.1528652459383011,0.5481531946905076,0.5229940414428711,0.257197767496109,0.21906672418117523,0.02403634786605835,0.02269325964152813,0.32684226136172,0.7576339525596109,0.22847961304491649
5715,0.15929976105690002,0.5470447224119436,0.4971633851528168,0.23963573575019836,0.21207195520401,0.023448331281542778,0.022007465362548828,0.33229524472581384,0.762201277932522,0.23932205826259034
5842,0.14705520868301392,0.546820403341102,0.5365017056465149,0.264154314994812,0.22596773505210876,0.025954129174351692,0.02042555809020996,0.32678965585310815,0.7464804422004795,0.2244562693773006
5969,0.1513117551803589,0.5462459023332312,0.519244372844696,0.2495425045490265,0.21219702064990997,0.031136685982346535,0.026368144899606705,0.3133355151674098,0.7464324246940368,0.2078635213571475
6096,0.1568017452955246,0.5455686324539407,0.5130596160888672,0.24567127227783203,0.21800222992897034,0.023070285096764565,0.026315858587622643,0.314919022606395,0.7537822331564248,0.20863081593779068
6223,0.152011439204216,0.5456709307517325,0.5506835579872131,0.27434003353118896,0.2330826073884964,0.0241513904184103,0.019109463319182396,0.32298636451805635,0.760553077710559,0.211134753790632
6350,0.14703768491744995,0.5455945673943902,0.5417763590812683,0.2628824710845947,0.2250279039144516,0.03433571010828018,0.019530365243554115,0.3274994715242333,0.7549499893769253,0.2213941516686428
6477,0.15028110146522522,0.5451828123080534,0.5241833329200745,0.25958552956581116,0.21726615726947784,0.028379447758197784,0.018952200189232826,0.3380714055180266,0.7685140223415851,0.22032576425515182
6604,0.15249863266944885,0.5445885864912339,0.513688862323761,0.24439792335033417,0.222632497549057,0.025490202009677887,0.021168233826756477,0.32976021519185367,0.7607657154555693,0.22338764407181894
6731,0.12941217422485352,0.5443376935427151,0.5310403108596802,0.25761324167251587,0.22165760397911072,0.03181637078523636,0.01995318941771984,0.335993056908923,0.7631358987725858,0.24817461217922115
6858,0.1477789282798767,0.5439282729602479,0.5218195915222168,0.26026490330696106,0.21556513011455536,0.020966937765479088,0.02502257190644741,0.3195744748077113,0.7638818578245623,0.20446517623973262
6985,0.112110935151577,0.5439220822017108,0.5435816049575806,0.273324579000473,0.22077235579490662,0.03091018833220005,0.018574466928839684,0.33979393350222514,0.7669078586734279,0.24482412140058724
7112,0.13335496187210083,0.543704049304165,0.5314942598342896,0.2656191885471344,0.22406671941280365,0.023685814812779427,0.01812250353395939,0.33790203573426414,0.7535939668103736,0.2453744929229714
7239,0.11512751877307892,0.5434091787069596,0.5266015529632568,0.25960683822631836,0.22504965960979462,0.02439774200320244,0.017547275871038437,0.3411515672377823,0.7747024930546315,0.23562042656257773
7366,0.12280162423849106,0.5433501996695274,0.5399293899536133,0.2680492103099823,0.2235395610332489,0.028513021767139435,0.01982763409614563,0.3385638413278792,0.7686741515152722,0.24340526831952497
7493,0.1258876770734787,0.5432216519117355,0.5356372594833374,0.267894446849823,0.2198885828256607,0.02777150273323059,0.02008279226720333,0.3315819891045869,0.771993123243438,0.22563114504136458
7620,0.12016864120960236,0.542862844704465,0.5213345289230347,0.2535172700881958,0.21681265532970428,0.02958894707262516,0.02141556516289711,0.33839600797284386,0.7633078660886352,0.23301758977709133
7747,0.10465176403522491,0.5427665389765243,0.5368919968605042,0.2719919681549072,0.22008360922336578,0.024758437648415565,0.020057888701558113,0.339539892664184,0.753252048733318,0.24558826553540167
7874,0.1242527961730957,0.5429434174549282,0.5539098381996155,0.29137125611305237,0.21613352000713348,0.025472724810242653,0.020932359620928764,0.32816857402907357,0.7580569995527324,0.2248266892427848
8001,0.10861817747354507,0.5430784592737576,0.5515860915184021,0.281387060880661,0.22909489274024963,0.022576522082090378,0.018527625128626823,0.34088463861220886,0.7753121860816727,0.260602114714606
8128,0.1250603049993515,0.5429763643132461,0.5364422798156738,0.27417346835136414,0.2259834259748459,0.019047811627388,0.017237581312656403,0.3397586844838556,0.7646627544913804,0.2350086252808702
8255,0.11360593140125275,0.5429638308460837,0.5421491265296936,0.2741619646549225,0.21503646671772003,0.03368182107806206,0.019268881529569626,0.3310475323824415,0.7646339216095914,0.21704153124884357
8382,0.09748996794223785,0.5430614073043948,0.5495015382766724,0.2788691818714142,0.22097580134868622,0.03201591223478317,0.017640527337789536,0.3406909159870164,0.769765312786986,0.24240424234730448
8509,0.10991567373275757,0.5427256021272986,0.5202267169952393,0.25368422269821167,0.21173866093158722,0.03306692838668823,0.02173685096204281,0.33460248444340346,0.772453271133545,0.2271412745514801
8636,0.11305548995733261,0.5427864458805286,0.546923816204071,0.27604618668556213,0.22294411063194275,0.026609042659401894,0.02132451720535755,0.3239689382011058,0.7646389480561742,0.21615932097200605
8763,0.1012444943189621,0.5426883220064397,0.5359176993370056,0.2661531865596771,0.22472630441188812,0.025967271998524666,0.019070999696850777,0.34162132538649603,0.7781952713507856,0.24848751762999677
8890,0.0804370790719986,0.5428989770996498,0.5576448440551758,0.28940385580062866,0.22315248847007751,0.027861041948199272,0.017227424308657646,0.34163003547372944,0.7729778375235035,0.25096829179057667
9017,0.0967198833823204,0.5432084963642179,0.5651843547821045,0.2865856885910034,0.22777310013771057,0.032853107899427414,0.017972461879253387,0.336196903862654,0.7669791123924258,0.23636102171371562
9144,0.0995786264538765,0.5434359584390067,0.5598133206367493,0.2845657765865326,0.2246299684047699,0.03290402516722679,0.01771349459886551,0.33626935661065394,0.7670644363483063,0.23763604120752932
9271,0.11158718168735504,0.5436308416419278,0.5578573346138,0.2870943546295166,0.22802644968032837,0.025826266035437584,0.01691022701561451,0.3377919055438643,0.7646806572455899,0.23126949158873872
9398,0.09729760885238647,0.5436892134291785,0.5480087399482727,0.2697848081588745,0.22690780460834503,0.0309930257499218,0.020323019474744797,0.34143940972037395,0.7683842282974236,0.24843000733251913
9525,0.08774859458208084,0.5439150417741753,0.5608522295951843,0.2828385829925537,0.22887341678142548,0.03192661702632904,0.01721361093223095,0.33836851713513033,0.7620562153198656,0.23610866932315625
9652,0.09062041342258453,0.5443899858528697,0.5804857611656189,0.30177006125450134,0.22902949154376984,0.031004779040813446,0.01868142932653427,0.3288877775973858,0.7680619967398442,0.21137382083185335
9779,0.08425263315439224,0.5446667366084599,0.5659765601158142,0.2945075035095215,0.22766439616680145,0.02660795859992504,0.017196664586663246,0.343867667016126,0.7773703443174969,0.24268013658735269
9906,0.1034465804696083,0.5446858585123343,0.5461772680282593,0.28242599964141846,0.21815215051174164,0.028453577309846878,0.017145657911896706,0.34701343652564054,0.7669067786561329,0.2572196530883391
10000,0.09448117017745972,0.5448264267481864,0.5559313297271729,0.28056800365448,0.2159881293773651,0.04204042628407478,0.017334768548607826,0.3439789498323516,0.7756250825715305,0.24287275609646916
